<?xml version="1.0"?>
<opencv_storage>
<calibration_time>"2019年07月29日 星期一 13时09分27秒"</calibration_time>
<nr_of_frames>26</nr_of_frames>
<image_width>1920</image_width>
<image_height>1080</image_height>
<board_width>9</board_width>
<board_height>6</board_height>
<square_size>7.7440002441406250e+01</square_size>
<!-- flags: +fix_k3 +fix_k4 +fix_k5 -->
<flags>6272</flags>
<fisheye_model>0</fisheye_model>
<camera_matrix type_id="opencv-matrix">
  <rows>3</rows>
  <cols>3</cols>
  <dt>d</dt>
  <data>
    1.4042207583639399e+03 0. 9.7122569472782811e+02 0.
    1.4043252716253905e+03 5.5794371302735772e+02 0. 0. 1.</data></camera_matrix>
<distortion_coefficients type_id="opencv-matrix">
  <rows>5</rows>
  <cols>1</cols>
  <dt>d</dt>
  <data>
    1.0661200797970416e-01 -1.8314806461027591e-01
    7.2296483414430960e-04 2.1374887782754275e-03 0.</data></distortion_coefficients>
<avg_reprojection_error>2.7648134620933651e-01</avg_reprojection_error>
</opencv_storage>
